38078602
38078603
38134123
38105190
38134124
38078604
38105191
38134125
38134126
38015539
37986306
37986307
38078605
37986308
37986309
37986310
37986311
38134127
37986312
38046274
38046275
38078606
38105192
38105193
38105194
38105195
38078607
38078608
37986313
38105196
37986314
38105197
38134128
38105198
38134129
38105199
38105200
38105201
38078609
38134130
38105202
38015540
38015541
38134131
38015542
37986315
38134132
38134133
38105204
38078610
38046276
38046277
38105205
38015543
37986316
37986317
38134134
38078612
38015544
37986318
38015545
38078613
38105206
38105207
38046278
37986319
37986320
38078614
38105208
37986321
37986322
38046279
38134135
38134136
37986324
38105209
38046281
38046282
38134137
38105210
38046283
37986325
38078615
38015547
38046284
38134138
38134139
38134140
38015548
38015549
38134141
38134142
38134143
38046285
38105211
38105212
38015551
38134144
38078617
38134145
38078618
38078619
38105213
38105214
37986326
38078621
38078622
38105216
38046286
38046287
38078623
38015552
38078624
37986327
38046289
38105217
38105218
38078625
38078626
38134146
38105219
38078627
38105220
37986328
38105221
38078628
37986329
38078629
37986330
38134147
37986331
38078630
37986332
38078632
38078633
38046290
38134148
38105222
38105223
38046291
37986334
38134149
38078635
38105224
38134150
38046293
38078636
38046294
38015553
38078638
38134151
38046295
37986335
38046296
38105225
37986336
38046297
38134152
38046298
38046299
37986337
38105226
38015554
38078639
37986339
38046300
38078640
37986340
37986341
38134154
38134155
38078641
38078642
38078643
38134156
38046301
37986342
38015556
38078644
38078645
38134158
38078646
38105227
38105228
38105230
38105231
38134161
38015558
38015559
38105232
38134162
38078650
38015560
38134163
38105233
38078651
37986343
38078652
38078653
38015561
38046306
38015563
38078655
38105235
38105237
38015564
37986344
38078656
38078657
38078658
38015565
38105238
38105239
38134164
37986346
38134165
38078659
38078660
38046309
38078662
38015566
38134166
37986347
37986348
38105240
38134167
38046310
38046311
38078663
38078665
38046315
38046316
37986349
38078669
38078670
38078671
38046317
37986350
38078672
38078674
38046318
38046319
38015567
38105244
38078675
38105245
38015568
38134169
38078676
38046320
38105246
38078677
38015569
38078678
38078679
38105247
38105248
38078680
38078681
38046321
37986351
38105249
38046322
38134170
38078682
38046324
38134171
38046325
38078683
38046326
38046327
38105250
37986352
37986353
38078684
38134172
38078685
38078686
38078687
38078688
38134173
38078689
37986354
38105251
38078690
38134174
38015572
38078691
38046328
38105252
38134176
38134177
37986355
38134178
38105253
37986356
37986357
38015573
38015574
38015575
37986358
38015576
38078692
38134179
38134180
38105254
38105255
38134181
38015577
38015578
37986359
38105256
38015579
38078693
38078694
38134182
38046329
38015580
37986360
37986361
38134183
38078695
38078696
38105257
38078697
38046330
38046331
38105258
38134184
38105260
38015581
38078698
37986362
38105261
38134185
38134186
38105262
38046332
38078699
38046333
38046334
38046335
38105263
38078700
38078701
38015583
38105264
38046336
38046337
37986363
38078702
38105265
38105266
38078703
38078704
38105267
38134187
37986364
38105268
38105269
38078705
38078706
38134188
38046338
38046339
38078707
38078708
38105270
38105271
38134189
38134190
38078709
38134191
38105272
38105273
38046340
38078710
38015584
38134192
38134193
38134194
38105274
38078711
38105275
38105276
38105277
37986365
38105278
37986366
38078712
38105279
38105280
38134195
38134196
38134197
38134198
38046341
38046342
38015585
38078713
38134199
38078714
38134200
38134201
38078715
38134202
38078716
38078717
38105282
38134203
38078718
37986367
38078719
38078720
38078721
38046343
38078722
38078723
38105283
38134204
38046344
38015586
38078724
37986368
37986369
38134205
38105284
38078725
38078726
38105285
38134206
38078727
38015587
38015588
38078728
37986370
38078729
38015589
38105287
38015590
38105288
38105289
37986372
38105290
38046345
38134208
38105291
38105292
38105293
38046346
38015591
38078730
38015592
37986373
38015593
37986374
38078732
38134209
38046347
38078733
38105294
38078734
38134210
38134211
38105295
38105296
38078735
38046348
38078736
38134212
38134213
38015594
38078737
38105297
37986375
38015595
38134214
37986376
38078738
37986377
38046349
38046350
37986378
38134215
38134216
38134217
38046351
38078739
38078740
38078741
38046352
38078742
38105298
38105299
38015596
38134219
37986379
38015597
38015598
38046353
38046354
38078743
38105300
38105301
37986380
38078744
38078745
38134220
38078746
38046355
38015599
38134221
38134222
38105302
38134223
38078747
38134224
38078748
38105303
38134225
38134226
38046356
38105304
38078749
38105305
38078750
37986381
38134227
38134228
38078751
38046357
38046358
37986382
38134229
37986383
38015600
38015601
38078752
38046359
38015602
38078753
38078754
38134230
38078755
38078756
38078757
38105306
37986385
37986386
38105308
38046360
38105309
38078758
38078759
38015603
38078760
37986387
38105311
37986388
38134231
38105312
38105313
38134232
38105315
38078761
37986389
38134233
37986390
38105316
38105317
38078762
38046361
37986391
38105318
38105319
38105320
38046362
38078763
38105321
38105322
38105323
38134234
38134235
38015604
37986392
38015605
38105324
38105325
38046363
37986393
37986394
38046364
38134236
37986395
38105326
38046365
38105327
37986396
38105328
38105329
38015606
37986397
38105331
38078764
38078765
38015607
38134237
38078766
38046366
38046367
38015608
38078767
38078768
38078769
38078770
37986398
37986399
37986400
38046368
38134238
38105332
38134240
38015609
38015610
38078771
38105333
38105334
38046369
37986401
38078772
37986402
38046370
37986403
38105335
38078773
38078774
38046371
38078775
38046372
38015612
38134241
37986404
38078776
38105336
38078777
38015613
38015614
38015615
38105337
38046373
38105338
38134242
38078778
38078779
38015616
38046374
38078780
37986405
38046375
37986406
38078781
38015617
38078782
37986407
38078783
38015618
38105339
38078784
38105340
38105341
38078785
37986408
38046376
37986409
38105342
38078786
38105343
37986410
38078787
38078789
38015619
38015620
38134243
38134244
37986411
37986412
38105344
38015621
38015622
37986413
38105345
38046377
38046378
38078790
37986414
38078791
38078792
38078793
38015623
38105346
37986415
38078794
38078795
37986416
37986417
38046379
37986418
38015624
38134245
38078796
38015625
38105347
38078797
38078798
38015626
37986420
38046380
38046381
38134246
38078799
38078800
38105348
38134248
37986421
38078801
38134249
38046385
37986422
37986423
38015627
38046386
38078802
38134250
38134251
38134252
38134253
38134254
38046387
38078803
38078804
37986425
38078805
37986426
38078806
38134255
38078807
38078808
38015628
38046388
38078809
38105349
38078812
38134256
38015629
38078813
38046389
38105350
37986427
38134257
38046390
38105351
38046391
38105352
38015630
37986428
37986429
38134258
38134259
38015631
38078814
38015632
38105354
38046392
38105355
38105356
37986430
38078815
38134260
38078816
38015633
38015634
38105357
38046393
38134261
38105358
38105359
38105360
38105361
38046394
38105362
38078817
38015635
38015636
38078819
38078820
38134262
38046395
38078821
38134263
38134264
38105364
38078822
38078823
38105365
38105366
38078824
38105367
38078825
38134265
38105368
38134266
38105369
38046396
38105370
38015637
38046397
38046398
38078826
38046399
38015638
38015640
38134267
38046400
38134268
38046401
38105371
38078827
38015641
38078828
38015642
38105372
38134269
38078829
38105373
38105374
38046402
38015643
38015644
38134270
38078830
38078831
38078832
38015645
38078833
38160001
38046403
38134271
38160002
38134272
38078834
38078835
38134273
38015646
38105376
38160003
38078836
38105377
38046404
38134274
38134275
38134276
38046405
38160004
38078837
38046406
38046407
38160005
38160006
38078838
38134277
38134278
38160007
38078839
38105379
38134279
38105380
38078840
38105381
38105382
38046408
38105383
38160009
38105384
38105385
38105386
38134280
38078842
38105387
38134281
38134283
38046409
38046410
38134284
38105388
38134285
38078843
38160010
38105389
38078844
38160011
38160012
38134286
38046411
38160014
38078845
38160015
38160016
38105390
38078846
38078847
38046412
38160017
38134287
38160018
38160019
38134288
38105391
38105392
38078848
38134289
38160020
38078849
38078850
38160021
38160022
38078851
38078852
38078853
38134291
38160023
38078854
38046413
38046415
38134292
38160024
38078855
38105393
38190001
38046416
38046417
38105394
38046418
38134293
38160025
38134294
38190002
38134295
38134296
38190003
38190004
38134297
38134298
38160026
38046419
38190005
38160027
38190006
38160028
38105395
38160030
38160031
38105396
38105397
38160032
38105398
38078856
38105399
38160033
38134300
38078858
38134301
38160034
38160035
38160036
38134302
38160037
38105400
38134303
38078859
38190007
38134304
38134305
38134306
38160038
38134307
38160039
38160040
38078860
38105401
38134308
38134309
38190008
38078861
38078862
38134310
38134311
38160041
38078863
38160042
38105408
