38401418
38311734
38282223
38341757
38371832
38341756
38431910
38431909
38341755
38282222
38311733
38311737
38371831
38431908
38282221
38431907
38431906
38371830
38401967
38341754
38281741
38311732
38371829
38401966
38401965
38371828
38401980
38431922
38341766
38371846
38371263
38401417
38371845
38401979
38312284
38312283
38312282
38401983
38401978
38431921
38341315
38401416
38341765
38341764
38431919
38371844
38431918
38282232
38371843
38431917
38341322
38371269
38282247
38401997
38312291
38371858
38401996
38431936
38371856
38431935
38431447
38431446
38401995
38282246
38371855
38282244
38431934
38282243
38371854
38401994
38431445
38311741
38312290
38401993
38431933
38312289
38372762
38283089
38372761
38432706
38281746
38341321
38372760
38313125
38313124
38432705
38432703
38402980
38432702
38432701
38431444
38341320
38342533
38342532
38313123
38313122
38402979
38402978
38402977
38372759
38341334
38311754
38372770
38283101
38313133
38372769
38342551
38283100
38402988
38313132
38371273
38341333
38283099
38283098
38342550
38283097
38432723
38342549
38283096
38432722
38401427
38341332
38342548
38402987
38432721
38402986
38283112
38372788
38403000
38432751
38311753
38311752
38342574
38342573
38372786
38372785
38432750
38402999
38313149
38432749
38401426
38311751
38342571
38372784
38432748
38283111
38313148
38432747
38372783
38432746
38341539
38312006
38313169
38432768
38403015
38342594
38313168
38403014
38342593
38342592
38312005
38281976
38342591
38342590
38342589
38403013
38342588
38342587
38313167
38432767
38371564
38341538
38432766
38313166
38432765
38313165
38403035
38403034
38283131
38342607
38341537
38371563
38283130
38342606
38313183
38283129
38283128
38432787
38372815
38432786
38401685
38401684
38432784
38372814
38283127
38313181
38372813
38372812
38403033
38432783
38371573
38431669
38372829
38342627
38403048
38403047
38342626
38403046
38432805
38432804
38401690
38312013
38372827
38342625
38342624
38432803
38342623
38432802
38283136
38403045
38431668
38281983
38372826
38313194
38432801
38372825
38283146
38372844
38283145
38313208
38431667
38281982
38403073
38372843
38372842
38372841
38432821
38372840
38432820
38432819
38371572
38312012
38432818
38403072
38372839
38403071
38313207
38313206
38432817
38372838
38371579
38312019
38342667
38432836
38283157
38342666
38342665
38372858
38403087
38372857
38312018
38431676
38403086
38342664
38403085
38342663
38283156
38372856
38372855
38432835
38431675
38431674
38283155
38313212
38372854
38403084
38342682
38403118
38403117
38342681
38312017
38401694
38403116
38283173
38313227
38403115
38313226
38372871
38372870
38432852
38281988
38371578
38313225
38432851
38403114
38313223
38403113
38283172
38403112
38342680
38281994
38401706
38342704
38372894
38432876
38342703
38403140
38432875
38313250
38403139
38431682
38312023
38313249
38372893
38432874
38313248
38313247
38403137
38432872
38283186
38401705
38281993
38342702
38283185
38432871
38313246
38313292
38372949
38313291
38403202
38371585
38431681
38432919
38372948
38313290
38313289
38313288
38403201
38313286
38283230
38341553
38401703
38372947
38403200
38283229
38342745
38283228
38372946
38372945
38432918
38341561
38371592
38342769
38283255
38342768
38342767
38403230
38432943
38403229
38432942
38282003
38282002
38342766
38432941
38313322
38372964
38372963
38313321
38342765
38432940
38282001
38282000
38403228
38403227
38283254
38432939
38432958
38342784
38403242
38342783
38371591
38371590
38432957
38432956
38313334
38432955
38403241
38403240
38403239
38372984
38312027
38401712
38432954
38342782
38313332
38432953
38432952
38403238
38432951
38342781
