38109602
38164663
38223472
38223471
38137868
38254053
38254052
38223470
38164662
38254051
38109606
38164669
38164670
38254060
38254061
38109607
38223480
38164671
38164672
38164673
38164677
38164678
38109614
38223484
38137886
38137898
38137897
38137896
38164694
38109623
38109783
38164880
38164879
38223652
38193211
38164883
38254261
38223654
38109784
38164882
38254265
38164893
38164892
38254264
38138085
38254269
38138090
38193218
38109789
38164897
38138111
38164923
38138110
38164921
38138108
38164920
38138106
38223669
38193228
38164919
38138118
38164937
38164936
38193234
38164935
38164934
38193233
38164933
38223678
38254288
38254294
38254293
38254292
38193236
38138124
38138123
38193235
38164946
38164945
38138122
38254330
38254329
38165012
38109846
38109845
38223716
38165011
38138157
38138156
38193259
38254337
38165019
38193266
38254336
38193265
38193264
38193263
38193262
38138164
38165018
